date:2025-08-23T16:10:54+00:00
validtle:1
satid:39160
launchyear:2013
epoch:25234.60480348
epochday:234
tleage:1
tleclassification:U
active:1
name:VNREDSAT
meananomly:272.9444
meanmotion:14.6502
rightascension:0.0000
declination:0.0000
semimajoraxis:7055.1602498467
altitudeatperigee:676
altitudeatapogee:678
inclination:97.9435
eccentricity:0.000138
argumentofperigree:87.1918
nickname:VNREDSAT
idesg:13021B  
cosparid:2013-021B
altkm:679.9729938956
velkms:7.51668660668
velkmh:27060
onumepoch:65657
onumnow:961901.81
otype:1
otypedesc:Low Earth Orbit (LEO)
status:1
timestamp:2025-08-22T14:30:55+00:00
nowjuliandate:2460911.174244
nowepochdate:25235.6742361111
TLE:
VNREDSAT 1
1 39160U 13021B   25234.60480348  .00000475  00000+0  97185-4 0  9994
2 39160  97.9435 293.7556 0001380  87.1918 272.9444 14.65016892656574