date:2025-09-06T06:22:05+00:00
validtle:1
satid:39160
launchyear:2013
epoch:25248.60610347
epochday:248
tleage:1
tleclassification:U
active:1
name:VNREDSAT
meananomly:271.1978
meanmotion:14.6504
rightascension:0.0000
declination:0.0000
semimajoraxis:7055.0712753873
altitudeatperigee:676
altitudeatapogee:678
inclination:97.9416
eccentricity:0.0001218
argumentofperigree:88.9366
nickname:VNREDSAT
idesg:13021B  
cosparid:2013-021B
altkm:679.91613477687
velkms:7.516699832494
velkmh:27060
onumepoch:65862
onumnow:964917.34
otype:1
otypedesc:Low Earth Orbit (LEO)
status:1
timestamp:2025-09-05T14:32:47+00:00
nowjuliandate:2460924.7653442
nowepochdate:25249.2653356481
TLE:
VNREDSAT 1
1 39160U 13021B   25248.60610347  .00001119  00000+0  21723-3 0  9993
2 39160  97.9416 307.2789 0001218  88.9366 271.1978 14.65044606658623